Порядок n: 10
Коефіцієнти:
a_0 = 0.385565
a_1 = 0.648318, b_1 = -0.093341
a_2 = -0.620738, b_2 = 0.178741
a_3 = -0.145630, b_3 = 0.062901
a_4 = -0.070300, b_4 = 0.040486
a_5 = -0.042221, b_5 = 0.030394
a_6 = -0.028371, b_6 = 0.024508
a_7 = -0.020445, b_7 = 0.020605
a_8 = -0.015461, b_8 = 0.017808
a_9 = -0.012114, b_9 = 0.015697
a_10 = -0.009754, b_10 = 0.014043
Відносна похибка наближення: 0.035898
Абсолютна похибка наближення: 0.015462
